0.00
8.10
8.38
4.34
3.50
-3.01
-7.42
-5.28
-0.68
5.74
11.14
16.60
22.88
23.99
15.37
11.12
2.39
-3.45
-0.11
6.99
11.48
10.99
11.46
15.70
15.05
18.10
28.00
36.25
35.93
36.45
38.08
47.42
48.20
65.86
81.01
85.73
89.92
99.04
101.84
112.01
126.02
102.84
96.71
93.88
88.65
91.55
109.97
136.22
153.85
162.76
147.63
136.30
139.91
128.30
102.14
96.05
88.67
77.97
92.11
89.20
97.76
89.93
83.27
93.83
98.68
90.49
90.97
60.13
40.63
47.38
78.75
90.64
96.05
59.07
47.04
36.56
45.57
50.87
42.95
30.30
12.69
0.12
-2.08
-13.42
-16.62
-18.73
-22.55
-24.55
-33.22
-36.44
-37.54
-24.89
-36.46
-38.98
-42.02
-43.41
-41.18
-40.50
-44.36
-38.88
