0.00
4.30
4.38
3.33
2.11
-0.79
-3.68
-4.38
-2.89
1.30
3.88
7.01
6.26
4.64
0.76
-1.56
-3.85
-2.48
-0.01
1.08
3.72
4.87
4.59
2.99
2.98
2.48
1.31
0.53
1.56
2.96
4.94
3.76
3.65
4.66
4.54
3.63
2.52
-0.49
-2.14
-2.45
-2.89
-2.50
-6.13
-7.61
-10.21
-12.50
-15.91
-14.99
-3.79
5.63
6.26
5.46
-0.41
-3.33
-5.15
-7.26
-12.74
-10.81
-4.88
2.46
2.45
-4.57
-9.13
-7.67
-1.62
2.72
0.52
-5.91
-11.22
-12.62
-7.74
-3.30
-3.75
-8.69
-11.53
-11.92
-4.31
-1.27
-6.96
-8.46
-7.77
-1.72
1.10
1.34
-0.15
0.70
4.00
4.59
3.45
3.30
1.08
0.60
4.99
5.68
4.63
3.56
3.52
3.65
3.65
3.76
