0.00
-1.34
-4.19
-1.48
-0.93
-0.23
0.48
0.93
1.40
-0.83
-2.85
-3.42
0.38
2.49
4.25
3.24
-0.92
-3.46
-1.44
0.77
3.36
2.85
0.47
0.12
0.73
0.92
-0.14
-0.95
0.56
0.87
-0.58
-4.90
-5.86
-2.47
-0.12
-0.50
-1.35
-2.82
-3.07
-1.63
-1.66
1.39
5.65
7.54
7.93
4.08
0.85
-5.04
-5.32
2.26
7.81
9.36
7.65
2.61
-0.31
-1.48
-1.53
-0.31
-5.12
-0.53
1.95
0.01
2.41
-2.82
-8.05
-4.81
-7.11
-1.73
12.34
10.84
-0.46
-2.78
-9.86
-5.97
0.79
1.03
-6.13
-8.02
-4.10
0.76
6.71
5.42
4.65
-0.58
-4.88
-4.49
-2.84
-5.11
-6.47
-6.00
-4.30
-2.85
-1.43
-2.06
-2.27
-4.24
-2.78
-1.66
-1.08
0.65
